.Random.seed <-
c(403L, 162L, -480091370L, 779673008L, -1131302892L, -1347904672L, 
-784800642L, 491122898L, 1233376862L, -73559256L, -516478792L, 
1102770075L, 2021910080L, 2045783338L, -1602978056L, -25876321L, 
-420021635L, -872877262L, 1677570847L, -327626962L, -1462420791L, 
-1634942271L, 2041526556L, 515602702L, -1158372770L, -44301831L, 
-1616507059L, -786280347L, -154433988L, -1133023542L, -1280525231L, 
-49923984L, -110621518L, -754557748L, 1261420881L, -431122118L, 
568346697L, -874716266L, 1247462127L, -39526970L, 349550894L, 
-2005109946L, -1287602743L, 95432117L, -55070067L, -2055138068L, 
-694570642L, 1184175807L, -1114820058L, -1535262131L, 1751030643L, 
-1813420106L, 984351032L, -1343735525L, -1865566952L, -26067283L, 
-1147906917L, 1167150685L, -790720286L, -1606207797L, -2131576301L, 
-1659334L, 168609027L, -1628781617L, 306014254L, 521236710L, 
-441788296L, -371053326L, 87820829L, -800023736L, -1210443239L, 
1685683830L, -513788705L, -1332520802L, 144600759L, -108563919L, 
657235083L, 766357222L, 1295645449L, 108743516L, -1568828347L, 
1902022864L, -1728583657L, -1781640940L, 1565860386L, -931705419L, 
-1958495366L, 630665080L, -428220986L, 856441845L, -490930552L, 
1037245106L, -86449799L, 1923520147L, 1431833353L, 1657233057L, 
318544260L, 647323371L, -1448769403L, 2110578566L, -312814482L, 
-318183362L, -69224208L, -558081291L, 478787617L, -370750721L, 
-721057732L, -225375992L, -426826647L, 326345663L, -934959126L, 
1612476217L, 1993524156L, -136400636L, 1056303875L, -1182020443L, 
1482503445L, 1655454696L, 10031389L, 1530871507L, 1359567387L, 
548976395L, -1762415934L, 1656879294L, -64126835L, -1184954546L, 
-1170305890L, -1471412569L, 1589912800L, 167799969L, -1248649458L, 
69729742L, -285973154L, -2125001354L, -664765208L, 560995424L, 
-1575658013L, -937735892L, 861682869L, -856538056L, -1903995776L, 
840260627L, -1222727784L, -1360093311L, -178359340L, 78815915L, 
-170211770L, -1927760088L, -513583301L, -709588389L, -249961913L, 
-1719125858L, 412709471L, 364382685L, 1366257088L, 1280350344L, 
105199078L, 1866922443L, 2061992467L, -1393549002L, 1544359931L, 
689867876L, 602519814L, -366774565L, -1516380077L, -852573110L, 
-1711495298L, 1189070512L, 1878887963L, -1831221539L, 878086377L, 
854450841L, 1133639648L, -665731701L, 926114607L, 175662473L, 
-1475511581L, -1573146188L, -1971796875L, 774333196L, 1678296646L, 
-1481983092L, -1236627440L, 464457824L, -986725495L, 116925482L, 
-717666018L, 747982453L, -46625437L, 96741009L, 290156125L, 605862033L, 
2144020109L, 134593757L, -1784159535L, -1563768994L, -872644553L, 
1130524626L, -1388524805L, 1444197597L, 2009789835L, 1303866565L, 
2070831566L, 1800878L, -1148611703L, 13980837L, -661958427L, 
1647406436L, -170295229L, -869705113L, 868397768L, -2079153489L, 
867542537L, 994382033L, 1881561101L, 361357374L, -782669544L, 
575077590L, -1557221353L, -992669397L, -685837181L, 1541772130L, 
-650949958L, 696829158L, -1805545609L, 1086186835L, -642408211L, 
-939363957L, 52165058L, 1883906655L, 1428978622L, -421189412L, 
1514752669L, 1775178712L, -2029461391L, 22223404L, 1276710921L, 
-257933601L, -1350618908L, -630009476L, 311890017L, -536022523L, 
-478096813L, 1544185066L, 243505914L, 524366779L, -2106976197L, 
-1651129336L, -976059699L, -1757302336L, -1701669757L, 193913687L, 
-2022363050L, 1740302082L, 797228942L, 1360385850L, -1209801265L, 
-1058853383L, 1635448919L, 1666342795L, -985360264L, -2129748450L, 
-1586400645L, -1899053670L, -92760694L, -1048525058L, -1372574498L, 
684736809L, 1760750261L, 798425710L, -76368080L, 1313885724L, 
1095437714L, -2142953997L, -1546218504L, -1406223260L, 667674885L, 
188277249L, -2102093010L, 202577812L, 1355431799L, -247785806L, 
-1277496832L, 1482023204L, 2100228077L, 1129615591L, -34514261L, 
-1833107817L, 1537034403L, 2079536351L, -1991628557L, -1601576054L, 
-1121702084L, 719740858L, 554583364L, 2064518339L, 2047602650L, 
-315673580L, -513257562L, 591928064L, 497078441L, -2137937767L, 
538565956L, -224480091L, 41648116L, -1953150009L, 1104505009L, 
87189581L, -76598941L, -1272030142L, -248423796L, -542638268L, 
1917539417L, -1036503716L, 1279585625L, -1949300741L, 2057072725L, 
-1598076323L, -1193092075L, 975860727L, -617984517L, -1977600933L, 
1241165411L, -918767006L, 1767768020L, -1044204538L, -748884626L, 
-496633339L, 216756901L, 1041301807L, 649982487L, -471007030L, 
-306303250L, -687187395L, 593259660L, 360613261L, -782482275L, 
-1593258118L, -750426764L, -1565720410L, 700100221L, -1364847038L, 
-1955145079L, 1492202711L, -1084872621L, 1679238326L, 1449286986L, 
-1087794219L, -1822695751L, 1133751252L, 170585338L, -1592776776L, 
160077795L, 1887981190L, 2013434986L, -440810661L, -1289315680L, 
-1486711846L, -1444376344L, -294361651L, -1153214773L, 1095415217L, 
911177296L, 1189418330L, -165481175L, 698628170L, -1751056657L, 
-564711547L, 971896265L, 1406844422L, -1989072926L, 661249638L, 
1578064808L, 70233987L, -1151110073L, 1259514068L, -6706885L, 
1068774679L, -1410093634L, 1098604345L, -496266126L, -480304315L, 
447790293L, -1731919804L, 496916270L, -1401786636L, 1968756533L, 
1559253900L, -202983828L, -150811139L, 2026440444L, -885618023L, 
1480905198L, 757659083L, -174202890L, 762575235L, -64010341L, 
1519408835L, 1200323365L, 788768130L, 2090180470L, 702546253L, 
1173032717L, -2103179768L, -1836698027L, 270243067L, 1094055869L, 
-9936368L, 1598488509L, -1623238847L, -1132669293L, 1174012062L, 
-152857741L, -311180028L, -1952892484L, 1969323863L, -136224945L, 
1027439671L, -275575374L, 1908678873L, 928613116L, -387368282L, 
1017181748L, -1852033446L, 2079906948L, 368106181L, 693129841L, 
-2079197807L, 582374365L, -1969210739L, 1666850420L, -1385441748L, 
-1441334628L, -266352308L, 97406890L, -913291327L, 931882234L, 
-1326178482L, 126227021L, -839117705L, 122348108L, -172250024L, 
188341466L, 31695724L, 1896391667L, -1839839171L, -1803182136L, 
-100150769L, -1487348504L, 158172656L, -1804568315L, -182311749L, 
1012674330L, -591136695L, -638782224L, -374047156L, 714863591L, 
-329518347L, -841039612L, -717201606L, -23210913L, 2038368296L, 
-1342881562L, 71737485L, 191430847L, 2058668753L, 1353240426L, 
-1017798506L, 472537626L, -1446045467L, -1674998181L, 989142838L, 
991826255L, -373124315L, -909057000L, -1282246349L, -1962010992L, 
645913330L, -1257237153L, -784694548L, 572951136L, 490326242L, 
600229004L, 883673904L, -1509018820L, -1808408618L, -644270589L, 
-1774101285L, -291883840L, -1196962532L, 979386527L, 1603104539L, 
-1973336717L, 1481802894L, 2005551537L, 1960786718L, -606115752L, 
526404124L, 159432728L, 2072860156L, -1967953968L, 168496039L, 
-184469149L, 1716017505L, 1385804977L, 2067066768L, -439384852L, 
875100683L, -1548848525L, -261772074L, -362268387L, 710962472L, 
878246234L, -534236977L, 443542854L, 1726993333L, -2088076955L, 
2016633258L, -1632755513L, -255305286L, 1247652817L, -390714380L, 
-1470448303L, 1627428691L, 572833468L, -1222558402L, 482232319L, 
1708084749L, 1780294484L, 1456686358L, 1416477643L, 294145694L, 
-1551299492L, -18444393L, 43444486L, 1624971880L, 324627382L, 
1357561267L, 1062196543L, -2025118290L, -686885410L, -2126048025L, 
-1578120006L, -1315989002L, 115986448L, 1985105439L, -407794164L, 
1011047477L, 856394290L, -588888515L, -698005967L, 2110460369L, 
1729026471L, -1900752525L, -185473887L, 838142739L, -611882697L, 
-1849700526L, -877838541L, -937972936L, -687452244L, -1049924241L, 
-575496140L, -280040490L, -1170247958L, -862593015L, 1880975047L, 
2134372220L, 762764702L, 1952319696L, -1205959133L, 1690875066L, 
701765435L, 823290527L, 1931364402L, 457200189L, 293943453L, 
-1013006652L, -1279490406L, -258425506L, 1824411769L, -292081408L, 
-729334168L, -1594167247L, -1538141851L, 1671299747L, 224025758L, 
353257231L, 1544257245L, 1066814183L, 691944292L, 25532182L, 
936771465L, -482064773L, 591460915L, 255067118L, -273659137L, 
2049179763L, -745139767L, 1839362047L, -1604008089L, 1823915249L, 
1896861736L, -1973998496L, -1440772467L, -2128337451L, 489333078L, 
